13712
13522
820
164
13200
13531
2322
13519
58799
13678
13585
13573
71523
13857
13582
39870
56715
24084
13549
30980
12112
1130
74727
13737
13588
13584
1261
430
58633
50660
13383
13226
78249
57131
50916
45707
40660
24139
22517
15770
15294
13673
13590
13586
13199
11070
1249
82644
82238
82237
79695
74186
69301
67533
55896
42860
36252
23900
16441
13734
13697
13666
13591
13580
13579
13198
11606
1080
1077
1050
87131
87069
83717
83403
83221
82733
82599
82369
82368
82239
76254
76135
74975
74954
72182
71564
71027
70142
70069
69209
68863
67556
67538
67536
67535
67534
67532
67531
67451
67388
67323
67320
67082
66802
65411
64297
60030
58808
58807
58806
58805
58804
58803
58802
58801
58800
58798
58797
58537
56896
56226
55620
54560
53879
51829
51812
50919
50918
50917
50915
50914
50913
50661
50659
50594
50591
50555
49899
49735
46403
45821
44824
44039
41101
40224
40048
40043
36898
35951
35923
35922
35724
35723
35722
35721
35152
34056
33967
31993
30525
30064
22996
17604
17603
17456
15763
15730
13784
13735
13642
13595
13583
13581
13502
13394
13393
13392
13391
13389
13388
13387
13386
12608
12601
12546
11466
11255
11185
11151
11140
11074
2829
2323
1790
1736
1575
1542
1525
1179
1124
87065
87064
87063
87062
87061
87060
87059
87058
87057
87055
87054
87053
87052
87051
87050
87049
87048
87047
87045
86999
86963
86927
86926
86924
86923
86920
86919
86918
86916
86915
86914
86913
86899
85253
84220
83495
82732
82726
82724
79619
79618
76187
76185
76082
74004
73988
73440
73438
73436
73435
73432
73429
72493
72436
72434
72433
72432
72430
72428
72421
72420
72402
72364
72362
72358
72357
72346
72345
72344
72327
72325
72323
72322
72320
72319
72316
72313
72312
72311
72309
72307
72305
72301
72300
72299
72298
72293
72292
72286
72283
72282
72281
72277
72275
72226
72222
72211
72187
71170
70116
70115
68706
67857
67852
67850
67848
67847
67846
67845
67844
67843
67842
67834
67833
67831
67830
67829
67828
67818
67816
67815
67814
67813
67812
67811
67810
67809
67808
67807
67805
67766
67765
67764
67537
67530
67529
67528
66502
66500
66499
64272
61517
61498
61488
61477
61475
61377
61307
61240
60968
60958
60831
60787
60521
60519
59853
59516
59150
58822
58637
58489
58447
58408
58391
58375
58367
58197
58052
57696
57418
57401
57038
56961
56921
56017
55602
55326
55295
55240
55183
55059
54315
51769
51172
51151
50265
50264
45708
42243
41720
41230
36542
30226
30188
24408
16419
3672
