M_DeepCast_65m_m2_224	Acidobacteria	Bacteria	0.28	0.34	0.07	0.22	0.12	0.47	0.09	0.11	0.05	0.15	0.19	0.11	0.05	0.15	0.19	12.81	9.04	4.11	2.62	4.10	6.54	25.72	3.67	4.43	2.08	22.34	51.20	94.87	124
K_Offshore_80m_m2_082	Acidobacteria	Bacteria	0.51	0.40	0.12	0.20	0.11	0.19	0.11	0.05	0.08	0.17	0.07	0.05	0.08	0.17	0.07	0.18	0.16	0.50	0.46	0.44	0.61	0.52	0.25	0.36	1.99	0.70	3.14	40.6	769
K_DeepCast_65m_m1_022	Acidobacteria	Bacteria	0.19	0.19	0.11	0.13	0.13	0.33	0.10	0.06	0.07	0.17	0.12	0.06	0.07	0.17	0.12	1.66	1.48	0.94	0.64	0.80	1.26	4.96	0.97	1.10	1.60	3.57	10.67	99.12	166
K_Offshore_80m_m2_152	Acidobacteria	Bacteria	0.01	0.02	0.00	0.01	0.00	0.02	0.00	0.01	0.00	0.01	0.00	0.01	0.00	0.01	0.00	0.30	0.16	0.16	0.11	0.17	0.21	1.39	0.13	0.14	0.08	0.48	2.31	97.15	181
K_Offshore_120m_m2_006	Acidobacteria	Bacteria	0.01	0.01	0.00	0.01	0.00	0.02	0.00	0.00	0.01	0.00	0.00	0.00	0.01	0.00	0.00	0.98	0.90	0.42	0.24	0.39	0.64	2.45	0.32	0.36	0.07	1.90	4.82	90.51	295
K_Offshore_120m_m2_108	Acidobacteria	Bacteria	0.00	0.00	0.00	0.00	0.00	0.01	0.00	0.00	0.01	0.00	0.00	0.00	0.01	0.00	0.00	0.95	0.71	0.40	0.22	0.36	0.64	1.79	0.29	0.31	0.05	1.68	4.00	77.95	1035
K_Offshore_80m_m2_094	Actinobacteria	Bacteria	0.02	0.02	0.01	0.02	0.01	0.02	0.01	0.01	0.01	0.01	0.01	0.01	0.01	0.01	0.01	0.60	0.30	0.26	0.16	0.28	0.41	1.26	0.14	0.25	0.14	0.94	2.77	84.24	716
K_DeepCast_65m_m2_193	Actinobacteria	Bacteria	0.01	0.01	0.00	0.01	0.00	0.01	0.00	0.00	0.00	0.00	0.00	0.00	0.00	0.00	0.00	0.81	0.37	0.25	0.17	0.24	0.46	0.87	0.19	0.23	0.05	1.20	2.42	81.16	756
K_Offshore_80m_m2_187	Alphaproteobacteria	Bacteria	0.40	0.30	0.09	0.12	0.09	0.29	0.10	0.06	0.07	0.18	0.13	0.06	0.07	0.18	0.13	1.48	0.88	0.78	0.69	0.86	1.26	2.96	0.81	1.05	1.84	2.79	8.42	95.9	395
M_DeepCast_65m_mx_068	Bacteroidetes	Bacteria	0.61	0.55	0.32	0.49	0.42	0.32	0.51	0.43	0.47	0.50	0.63	0.43	0.47	0.50	0.63	0.57	12.97	4.30	4.31	4.66	3.91	1.68	4.92	4.84	5.26	15.56	28.62	94.01	107
M_DeepCast_50m_m2_018	Chloroflexi	Bacteria	0.20	0.68	0.05	0.18	0.13	0.51	0.05	0.08	0.02	0.13	0.10	0.08	0.02	0.13	0.10	12.53	8.48	6.69	5.10	4.64	5.14	52.25	7.64	6.35	2.13	21.35	87.80	96.7	102
K_Offshore_80m_m2_183	Chloroflexi	Bacteria	0.02	0.04	0.01	0.02	0.01	0.02	0.01	0.01	0.01	0.01	0.01	0.01	0.01	0.01	0.01	0.12	0.07	0.08	0.09	0.11	0.11	1.02	0.07	0.11	0.16	0.23	1.59	90.26	85
K_Offshore_120m_m2_146	Chloroflexi	Bacteria	0.02	0.02	0.01	0.01	0.01	0.03	0.01	0.01	0.01	0.02	0.01	0.01	0.01	0.02	0.01	1.02	0.57	0.47	0.33	0.40	0.61	3.06	0.42	0.42	0.16	1.63	5.72	97.69	91
K_Offshore_80m_m2_170	Chloroflexi	Bacteria	0.02	0.02	0.00	0.02	0.00	0.03	0.00	0.00	0.00	0.01	0.00	0.00	0.00	0.01	0.00	0.41	0.25	0.24	0.18	0.29	0.41	2.51	0.17	0.23	0.12	0.68	4.02	90.26	275
K_Offshore_80m_m1_189	Chloroflexi	Bacteria	0.01	0.02	0.00	0.01	0.00	0.04	0.00	0.01	0.00	0.00	0.00	0.01	0.00	0.00	0.00	1.29	0.90	0.60	0.37	0.66	0.95	4.70	0.40	0.51	0.10	2.21	8.17	97.69	171
K_Offshore_120m_m2_037	Chloroflexi	Bacteria	0.00	0.01	0.00	0.01	0.00	0.04	0.00	0.00	0.00	0.00	0.00	0.00	0.00	0.00	0.00	2.24	1.33	0.89	0.59	1.02	1.67	4.84	0.63	0.96	0.09	3.59	10.61	95.05	375
K_DeepCast_65m_m2_033	Chloroflexi	Bacteria	0.00	0.01	0.00	0.01	0.01	0.02	0.00	0.00	0.00	0.00	0.00	0.00	0.00	0.00	0.00	1.77	0.45	0.86	0.51	0.64	1.07	3.49	0.62	0.50	0.06	2.23	7.69	96.7	111
K_Offshore_80m_m2_218	Chloroflexi	Bacteria	0.00	0.01	0.00	0.01	0.00	0.01	0.00	0.00	0.00	0.00	0.00	0.00	0.00	0.00	0.00	0.71	0.45	0.43	0.29	0.41	0.57	2.26	0.32	0.33	0.03	1.17	4.61	97.03	86
K_DeepCast_100m_m2_203	Chloroflexi	Bacteria	0.00	0.00	0.00	0.00	0.00	0.00	0.00	0.00	0.00	0.00	0.00	0.00	0.00	0.00	0.00	0.00	1.57	2.44	0.70	1.09	1.05	0.09	1.79	0.63	0.01	1.58	7.79	93.64	128
K_DeepCast_250m_m1_199	Chloroflexi	Bacteria	0.00	0.00	0.00	0.00	0.00	0.00	0.00	0.00	0.00	0.00	0.00	0.00	0.00	0.00	0.00	0.00	0.32	14.28	6.31	4.66	3.85	0.00	14.62	3.50	0.01	0.32	47.21	90.52	322
K_DeepCast_100m_m2_305	Chloroflexi	Bacteria	0.00	0.00	0.00	0.00	0.00	0.00	0.00	0.00	0.00	0.00	0.00	0.00	0.00	0.00	0.00	0.00	0.56	1.57	0.49	0.65	0.60	0.01	1.15	0.46	0.01	0.56	4.94	92.73	435
M_DeepCast_65m_m1_226	Chloroflexi	Bacteria	0.00	0.00	0.00	0.00	0.00	0.00	0.00	0.00	0.00	0.00	0.00	0.00	0.00	0.00	0.00	0.00	2.86	1.67	0.46	0.82	0.86	0.09	0.91	0.48	0.00	2.86	5.30	94.55	150
K_DeepCast_150m_m1_344	CP Eisenbacteria	Bacteria	0.00	0.00	0.00	0.00	0.00	0.00	0.00	0.00	0.00	0.00	0.00	0.00	0.00	0.00	0.00	0.00	0.21	5.30	4.86	5.08	2.66	0.01	7.74	5.02	0.01	0.21	30.67	97.8	172
K_DeepCast_250m_m1_333	CP Eisenbacteria	Bacteria	0.00	0.00	0.00	0.00	0.00	0.00	0.00	0.00	0.00	0.00	0.00	0.00	0.00	0.00	0.00	0.00	0.05	2.61	3.61	3.85	2.26	0.00	4.40	4.57	0.01	0.05	21.29	88.71	373
K_Offshore_80m_m1_122	CP Handelsmanbacteria	Bacteria	0.02	0.08	0.00	0.01	0.00	0.09	0.00	0.00	0.00	0.02	0.00	0.00	0.00	0.02	0.00	0.22	0.17	0.25	0.23	0.26	0.26	1.55	0.42	0.45	0.23	0.41	3.43	88.96	760
K_DeepCast_65m_m1_133	CP Handelsmanbacteria	Bacteria	0.00	0.02	0.00	0.01	0.00	0.05	0.00	0.00	0.00	0.00	0.00	0.00	0.00	0.00	0.00	2.07	0.76	0.61	0.46	0.43	0.79	5.47	0.69	0.72	0.09	2.84	9.17	96.7	248
M_DeepCast_65m_m2_204	CP Hydrogenedentes	Bacteria	0.00	0.00	0.00	0.00	0.00	0.00	0.00	0.00	0.00	0.00	0.00	0.00	0.00	0.00	0.00	0.01	0.63	0.16	0.07	0.12	0.07	0.02	0.17	0.10	0.01	0.64	0.72	55.88	1034
M_DeepCast_50m_m1_133	CP Rokubacteria	Bacteria	0.03	0.04	0.03	0.04	0.03	0.06	0.02	0.01	0.02	0.03	0.02	0.01	0.02	0.03	0.02	4.69	2.60	1.74	1.15	1.77	3.65	5.88	1.33	1.48	0.31	7.37	16.99	91.03	159
M_DeepCast_50m_m1_244	CP Rokubacteria	Bacteria	0.00	0.01	0.00	0.01	0.00	0.05	0.00	0.01	0.00	0.00	0.00	0.01	0.00	0.00	0.00	2.54	1.34	0.95	0.55	1.01	1.57	4.58	0.78	0.91	0.09	3.90	10.37	82.76	299
M_DeepCast_65m_m2_071	CP Tanganyikabacteria	Bacteria	0.00	0.00	0.00	0.00	0.00	0.00	0.00	0.00	0.00	0.00	0.00	0.00	0.00	0.00	0.00	0.03	1.59	0.12	0.08	0.14	0.11	0.06	0.15	0.14	0.03	1.63	0.80	96.58	514
K_DeepCast_100m_m2_001	CP Ziwabacteria	Bacteria	0.00	0.00	0.00	0.00	0.00	0.00	0.01	0.01	0.02	0.00	0.00	0.01	0.02	0.00	0.00	0.01	0.44	1.21	0.30	0.41	0.40	0.05	0.65	0.37	0.05	0.49	3.39	77.48	1349
K_DeepCast_100m_m2_321	CP Ziwabacteria	Bacteria	0.00	0.00	0.00	0.00	0.00	0.00	0.00	0.00	0.01	0.00	0.00	0.00	0.01	0.00	0.00	0.01	0.54	1.36	0.73	0.85	0.48	0.03	1.24	0.71	0.03	0.56	5.40	98.35	425
K_Offshore_80m_m1_159	Deltaproteobacteria	Bacteria	0.01	0.03	0.00	0.01	0.00	0.04	0.00	0.00	0.00	0.00	0.00	0.00	0.00	0.00	0.00	0.60	0.34	0.26	0.21	0.34	0.45	2.10	0.21	0.32	0.11	0.96	3.89	98.69	101
M_DeepCast_65m_m2_104	Deltaproteobacteria	Bacteria	0.01	0.01	0.01	0.01	0.01	0.01	0.00	0.00	0.00	0.00	0.00	0.00	0.00	0.00	0.00	0.01	1.05	0.07	0.05	0.08	0.05	0.10	0.14	0.13	0.06	1.07	0.63	92.68	881
M_DeepCast_65m_m1_011	Deltaproteobacteria	Bacteria	0.00	0.00	0.00	0.00	0.00	0.02	0.00	0.00	0.00	0.00	0.00	0.00	0.00	0.00	0.00	0.04	2.03	0.02	0.01	0.02	0.03	0.16	0.17	0.15	0.03	2.07	0.55	85.57	479
M_DeepCast_65m_m1_099	Deltaproteobacteria	Bacteria	0.00	0.00	0.00	0.00	0.00	0.00	0.00	0.00	0.00	0.00	0.00	0.00	0.00	0.00	0.00	0.00	0.99	0.02	0.01	0.02	0.02	0.01	0.05	0.05	0.01	1.00	0.17	14.73	1201
K_DeepCast_100m_mx_210	Deltaproteobacteria	Bacteria	0.00	0.00	0.00	0.00	0.00	0.00	0.00	0.00	0.00	0.00	0.00	0.00	0.00	0.00	0.00	0.00	0.04	0.85	0.69	0.68	0.33	0.00	0.87	0.53	0.00	0.04	3.95	70.22	1419
K_Offshore_80m_m2_102	Fibrobacteres acidobacteria	Bacteria	0.09	0.16	0.03	0.05	0.03	0.15	0.03	0.02	0.02	0.06	0.03	0.02	0.02	0.06	0.03	0.63	0.29	0.47	0.40	0.46	0.57	3.36	0.66	0.67	0.66	1.05	6.59	96.52	367
K_Offshore_80m_m2_003	Fibrobacteres acidobacteria	Bacteria	0.02	0.04	0.01	0.01	0.01	0.10	0.01	0.01	0.01	0.02	0.01	0.01	0.01	0.02	0.01	0.69	0.32	0.30	0.22	0.29	0.48	2.33	0.42	0.51	0.25	1.06	4.54	97.08	720
K_Offshore_80m_m2_040	Nitrospirae	Bacteria	0.70	0.85	0.39	0.84	0.65	2.90	0.55	0.55	0.22	1.44	0.89	0.55	0.22	1.44	0.89	12.94	5.86	4.20	3.45	4.92	5.92	43.71	6.29	10.41	9.98	21.90	78.90	94.09	33
M_DeepCast_65m_mx_150	Nitrospirae	Bacteria	0.50	0.37	0.31	0.38	0.39	0.28	0.36	0.13	0.26	0.28	0.22	0.13	0.26	0.28	0.22	0.82	4.00	1.01	0.64	0.75	0.95	2.17	0.92	0.95	3.49	5.71	7.40	96.82	204
K_Offshore_80m_m2_121	Nitrospirae	Bacteria	0.05	0.11	0.02	0.07	0.05	0.51	0.05	0.06	0.02	0.07	0.08	0.06	0.02	0.07	0.08	23.43	25.71	7.84	4.54	7.71	10.89	53.44	7.25	8.96	1.07	49.36	100.63	98.12	97
M_DeepCast_65m_m2_186	Nitrospirae	Bacteria	0.01	0.01	0.01	0.01	0.01	0.01	0.01	0.01	0.01	0.01	0.01	0.01	0.01	0.01	0.01	0.19	0.99	0.27	0.12	0.21	0.25	0.53	0.19	0.20	0.10	1.21	1.77	86.81	398
M_DeepCast_65m_m2_155	Nitrospirae	Bacteria	0.01	0.01	0.00	0.01	0.01	0.02	0.00	0.00	0.00	0.00	0.00	0.00	0.00	0.00	0.00	0.87	2.02	0.47	0.25	0.44	0.61	2.25	0.39	0.46	0.07	2.91	4.87	96.76	89
M_DeepCast_65m_mx_077	Phycisphaerae	Bacteria	0.00	0.00	0.00	0.00	0.00	0.02	0.00	0.00	0.01	0.01	0.00	0.00	0.01	0.01	0.00	0.02	3.79	1.28	0.68	1.01	0.65	0.20	1.04	0.73	0.05	3.83	5.58	97.73	104
K_DeepCast_300m_m2_173	Planctomycetes	Bacteria	0.06	0.05	0.05	0.05	0.05	0.03	0.04	0.03	0.03	0.04	0.04	0.03	0.03	0.04	0.04	0.04	0.05	0.55	1.78	2.06	1.98	0.06	1.88	3.42	0.46	0.23	11.73	76.32	3204
K_DeepCast_100m_mx_218	Planctomycetes	Bacteria	0.00	0.00	0.00	0.00	0.02	0.05	0.04	0.01	0.01	0.00	0.01	0.01	0.01	0.00	0.01	0.06	0.64	1.00	0.34	0.43	0.27	0.12	1.05	0.47	0.15	0.73	3.70	92.47	809
M_DeepCast_200m_m2_025	Planctomycetes	Bacteria	0.00	0.00	0.00	0.00	0.00	0.00	0.00	0.00	0.00	0.00	0.00	0.00	0.00	0.00	0.00	0.01	0.06	1.22	1.26	1.63	1.24	0.01	2.00	0.95	0.02	0.07	8.32	87.17	2080
M_DeepCast_65m_m2_011	Planctomycetes	Bacteria	0.00	0.00	0.00	0.00	0.00	0.00	0.00	0.00	0.00	0.00	0.00	0.00	0.00	0.00	0.00	0.01	3.08	0.58	0.25	0.37	0.29	0.03	0.42	0.23	0.01	3.09	2.17	98.78	100
M_DeepCast_400m_m2_341	Planctomycetes	Bacteria	0.00	0.00	0.00	0.00	0.00	0.00	0.00	0.00	0.00	0.00	0.00	0.00	0.00	0.00	0.00	0.01	0.00	0.14	0.49	0.52	0.64	0.02	0.47	1.11	0.00	0.01	3.38	92.05	883
M_DeepCast_400m_m2_165	Planctomycetes	Bacteria	0.00	0.00	0.00	0.00	0.00	0.00	0.00	0.00	0.00	0.00	0.00	0.00	0.00	0.00	0.00	0.00	0.01	0.60	1.28	1.06	1.02	0.01	1.47	1.72	0.00	0.02	7.17	73.44	2622
K_DeepCast_100m_m2_328	Planctomycetes	Bacteria	0.00	0.00	0.00	0.00	0.00	0.00	0.00	0.00	0.00	0.00	0.00	0.00	0.00	0.00	0.00	0.00	2.85	4.06	1.04	1.47	1.31	0.21	2.73	1.02	0.00	2.85	11.83	97.8	191
M_DeepCast_100m_m2_243	Planctomycetes	Bacteria	0.00	0.00	0.00	0.00	0.00	0.00	0.00	0.00	0.00	0.00	0.00	0.00	0.00	0.00	0.00	0.01	4.47	6.28	1.71	2.77	2.42	0.50	2.95	1.38	0.00	4.48	18.01	98.9	362
M_DeepCast_65m_m2_014	Poribacteria	Bacteria	0.00	0.00	0.00	0.00	0.00	0.00	0.00	0.00	0.00	0.00	0.00	0.00	0.00	0.00	0.00	0.01	2.16	0.75	0.28	0.61	0.48	0.15	0.40	0.28	0.01	2.18	2.94	97.8	291
K_Offshore_80m_m1_165	Verrucomicrobia V3	Bacteria	0.31	0.53	0.11	0.23	0.20	0.37	0.07	0.07	0.05	0.17	0.12	0.07	0.05	0.17	0.12	1.20	0.68	0.88	0.81	0.83	0.84	4.20	1.40	1.32	2.23	2.28	10.28	98.65	201
K_Offshore_120m_m2_058	Verrucomicrobia V3	Bacteria	0.04	0.04	0.03	0.04	0.03	0.05	0.03	0.02	0.04	0.04	0.03	0.02	0.04	0.04	0.03	2.78	1.01	0.77	0.58	0.57	1.03	9.01	0.97	0.92	0.39	3.91	13.86	94.59	149
M_DeepCast_65m_m2_001	Verrucomicrobia V3	Bacteria	0.01	0.02	0.01	0.02	0.01	0.04	0.01	0.01	0.01	0.01	0.01	0.01	0.01	0.01	0.01	7.41	5.13	2.45	1.62	1.68	2.88	18.02	2.82	2.17	0.13	12.56	31.63	98.99	460
K_DeepCast_250m_mx_148	Verrucomicrobia V3	Bacteria	0.00	0.00	0.00	0.00	0.00	0.00	0.00	0.00	0.01	0.00	0.00	0.00	0.01	0.00	0.00	0.01	0.01	0.65	2.02	1.75	1.37	0.02	2.63	3.08	0.03	0.03	11.53	84.92	2477
K_DeepCast_150m_m2_164	Verrucomicrobia V3	Bacteria	0.00	0.00	0.00	0.00	0.00	0.00	0.00	0.00	0.00	0.00	0.00	0.00	0.00	0.00	0.00	0.02	0.35	2.53	2.34	2.87	1.72	0.05	3.17	1.60	0.02	0.38	14.28	97.06	554
M_DeepCast_200m_mx_295	Verrucomicrobia V3	Bacteria	0.00	0.00	0.00	0.00	0.00	0.00	0.00	0.00	0.00	0.00	0.00	0.00	0.00	0.00	0.00	0.00	0.01	0.27	0.67	0.64	0.50	0.01	1.10	1.16	0.02	0.02	4.36	74.73	2439
