Taxonomy	KigC100	KigC150	KigC250	KigC1200	KigC300	KigCa35	KigCa65	KigCas0	KigOff0	KigOff120	KigOff40	KigOff80	KigOffSurface	MahC100	MahC200	MahC400	MahCa10	MahCa50	MahCa65	Mahsurface_10	Mahsurface_6	Mahsurface_7	Mahsurface_8	Mahsurface_9
Acidobacteria	0.6	0.9	1.0	1.3	1.2	0.4	2.4	0.4	0.4	3.3	0.5	4.2	0.4	0.8	1.4	1.4	0.7	2.3	1.9	0.3	0.3	0.2	0.4	0.3
Actinobacteria	16.0	16.6	20.7	16.3	16.2	25.5	16.6	23.7	25.7	12.2	29.5	17.5	25.5	23.6	14.3	24.7	31.5	18.3	15.8	31.4	39.3	34.1	42.2	35.8
Alphaproteobacteria LD12	4.0	3.0	3.4	3.1	2.7	8.1	2.0	7.4	6.9	1.1	12.7	2.0	9.5	5.9	3.0	3.3	6.0	2.3	1.5	7.1	9.2	8.9	7.9	7.5
Alphaproteobacteria non LD12	2.6	2.8	2.4	3.1	2.7	2.5	3.6	3.0	2.4	5.1	3.2	5.9	3.1	3.2	2.6	3.0	3.1	4.2	4.7	3.0	3.1	2.9	2.9	3.3
Armatimonadetes	0.6	0.7	0.6	0.8	1.0	0.0	0.1	0.0	0.0	0.2	0.0	0.2	0.0	0.2	0.8	0.8	0.0	0.1	0.2	0.0	0.0	0.0	0.0	0.0
Bacteroidetes	7.2	6.4	6.5	5.0	5.0	9.6	9.7	8.3	4.6	5.0	6.4	3.2	6.6	6.8	4.8	4.4	7.5	8.0	7.6	8.9	13.9	10.5	9.1	15.0
Betaproteobacteria	10.6	6.7	4.2	4.9	4.9	3.8	6.1	3.7	3.6	6.2	3.7	6.5	3.8	6.1	5.3	4.2	3.6	6.4	16.2	3.6	3.1	4.3	3.7	3.6
Calditrichaeota	0.1	0.1	0.2	0.2	0.2	0.0	0.0	0.0	0.0	0.0	0.0	0.0	0.0	0.0	0.3	0.3	0.0	0.0	0.1	0.0	0.0	0.0	0.0	0.0
Chlamydiae	0.3	0.3	0.3	0.3	0.3	0.7	0.3	0.6	0.2	0.2	0.3	0.2	0.2	0.3	0.2	0.2	0.3	0.3	0.2	0.3	0.5	0.4	0.4	0.3
Chlorobi	10.5	5.8	1.0	1.6	2.4	0.0	0.0	0.0	0.0	0.0	0.0	0.0	0.0	2.7	1.4	0.4	0.0	0.0	0.3	0.0	0.0	0.0	0.0	0.0
Chloroflexi	4.6	6.3	8.7	8.9	10.9	0.1	2.5	0.0	0.1	4.1	0.1	6.3	0.1	1.5	12.3	9.4	0.1	1.9	2.2	0.0	0.0	0.0	0.0	0.0
CP Aenigmarchaeota	0.0	0.0	0.1	0.1	0.1	0.0	0.0	0.0	0.0	0.0	0.0	0.0	0.0	0.0	0.1	0.1	0.0	0.0	0.0	0.0	0.0	0.0	0.0	0.0
CP Altiarchaeota	0.0	0.0	0.1	0.0	0.1	0.0	0.0	0.0	0.0	0.0	0.0	0.0	0.0	0.0	0.1	0.1	0.0	0.0	0.0	0.0	0.0	0.0	0.0	0.0
CP Aminicemantes (OP8)	0.1	0.3	0.4	0.3	0.4	0.0	0.0	0.0	0.0	0.0	0.0	0.0	0.0	0.0	0.5	0.4	0.0	0.0	0.0	0.0	0.0	0.0	0.0	0.0
CP Bathyarchaeota	0.0	0.1	0.1	0.1	0.1	0.0	0.0	0.0	0.0	0.0	0.0	0.0	0.0	0.0	0.2	0.1	0.0	0.0	0.0	0.0	0.0	0.0	0.0	0.0
CP BRC1	0.0	0.0	0.0	0.1	0.0	0.0	0.0	0.0	0.0	0.0	0.0	0.0	0.0	0.0	0.0	0.0	0.0	0.0	0.0	0.0	0.0	0.0	0.0	0.0
CP Eisenbacteria	0.6	0.6	0.8	0.5	1.0	0.0	0.0	0.0	0.0	0.0	0.0	0.0	0.0	0.1	1.1	1.1	0.0	0.0	0.0	0.0	0.0	0.0	0.0	0.0
CP Gottesmanbacteria	0.0	0.1	0.1	0.1	0.2	0.0	0.0	0.0	0.0	0.0	0.0	0.0	0.0	0.0	0.2	0.1	0.0	0.0	0.0	0.0	0.0	0.0	0.0	0.0
CP Gribaldobacteria	0.0	0.0	0.0	0.0	0.1	0.0	0.0	0.0	0.0	0.0	0.0	0.0	0.0	0.0	0.0	0.1	0.0	0.0	0.0	0.0	0.0	0.0	0.0	0.0
CP Handelsmanbacteria	0.0	0.0	0.0	0.0	0.0	0.0	0.2	0.0	0.0	0.3	0.0	0.2	0.0	0.0	0.0	0.0	0.0	0.2	0.1	0.0	0.0	0.0	0.0	0.0
CP Harrisonbacteria	0.0	0.0	0.0	0.1	0.0	0.0	0.2	0.0	0.0	0.4	0.0	0.2	0.0	0.0	0.0	0.0	0.0	0.2	0.1	0.0	0.0	0.0	0.0	0.0
CP Hydrogenedentes	0.0	0.0	0.0	0.0	0.0	0.0	0.0	0.0	0.0	0.0	0.0	0.0	0.0	0.0	0.0	0.0	0.0	0.0	0.1	0.0	0.0	0.0	0.0	0.0
CP Kaiserbacteria	0.3	0.2	0.1	0.1	0.1	0.0	0.1	0.0	0.0	0.1	0.0	0.0	0.0	0.1	0.1	0.1	0.0	0.0	0.6	0.0	0.0	0.0	0.0	0.0
CP Liptonbacteria	0.0	0.0	0.0	0.0	0.0	0.0	0.1	0.0	0.0	0.3	0.0	0.1	0.0	0.0	0.0	0.0	0.0	0.2	0.1	0.0	0.0	0.0	0.0	0.0
CP Moranbacteria	0.1	0.1	0.0	0.0	0.0	0.0	0.0	0.0	0.0	0.0	0.0	0.0	0.0	0.0	0.0	0.0	0.0	0.0	0.0	0.0	0.0	0.0	0.0	0.0
CP Nealsonbacteria	0.0	0.1	0.2	0.1	0.2	0.0	0.0	0.0	0.0	0.0	0.0	0.0	0.0	0.0	0.2	0.2	0.0	0.0	0.0	0.0	0.0	0.0	0.0	0.0
CP Pacearchaeota	0.3	0.3	0.3	0.3	0.4	0.0	0.3	0.0	0.0	1.1	0.0	0.7	0.0	0.1	0.4	0.4	0.0	0.7	0.2	0.0	0.0	0.0	0.0	0.0
CP Parvarchaeota	0.0	0.0	0.0	0.0	0.0	0.0	0.0	0.0	0.0	0.0	0.0	0.0	0.0	0.0	0.0	0.0	0.0	0.0	0.1	0.0	0.0	0.0	0.0	0.0
CP Peribacteria	0.0	0.0	0.0	0.1	0.0	0.0	0.2	0.0	0.0	0.3	0.0	0.3	0.0	0.0	0.0	0.0	0.0	0.2	0.2	0.0	0.0	0.0	0.0	0.0
CP Perigrinibacteria	0.0	0.0	0.0	0.0	0.0	0.0	0.1	0.0	0.0	0.1	0.0	0.0	0.0	0.0	0.0	0.0	0.0	0.1	0.0	0.0	0.0	0.0	0.0	0.0
CP Poribacteria	0.1	0.1	0.1	0.1	0.2	0.0	0.0	0.0	0.0	0.1	0.0	0.0	0.0	0.0	0.2	0.1	0.0	0.0	0.2	0.0	0.0	0.0	0.0	0.0
CP Rokubacteria	0.1	0.1	0.1	0.2	0.2	0.0	0.8	0.0	0.0	0.5	0.0	0.3	0.0	0.1	0.1	0.1	0.0	0.6	0.4	0.0	0.0	0.0	0.0	0.0
CP Saccharibacteria	0.0	0.0	0.0	0.2	0.1	0.0	0.0	0.0	0.0	0.0	0.0	0.0	0.0	0.0	0.0	0.1	0.0	0.0	0.0	0.0	0.0	0.0	0.0	0.0
CP Shapirobacteria	0.1	0.2	0.4	0.2	0.3	0.0	0.0	0.0	0.0	0.0	0.0	0.0	0.0	0.0	0.5	0.3	0.0	0.0	0.0	0.0	0.0	0.0	0.0	0.0
CP Staskawiczbacteria	0.0	0.0	0.0	0.0	0.0	0.0	0.1	0.0	0.0	0.1	0.0	0.0	0.0	0.0	0.0	0.0	0.0	0.1	0.0	0.0	0.0	0.0	0.0	0.0
CP Tectomicrobia	0.0	0.0	0.0	0.0	0.0	0.0	0.1	0.0	0.0	0.1	0.0	0.1	0.0	0.0	0.0	0.0	0.0	0.1	0.0	0.0	0.0	0.0	0.0	0.0
CP TM6	0.1	0.1	0.1	0.1	0.1	0.2	0.1	0.1	0.1	0.2	0.1	0.1	0.1	0.1	0.1	0.0	0.1	0.1	0.0	0.1	0.3	0.1	0.1	0.1
CP Urhbacteria	0.0	0.0	0.0	0.0	0.0	0.0	0.1	0.0	0.0	0.0	0.0	0.0	0.0	0.0	0.0	0.0	0.0	0.2	0.1	0.0	0.0	0.0	0.0	0.0
CP Verstraetaerchaeota	0.0	0.0	0.1	0.2	0.2	0.0	0.0	0.0	0.0	0.0	0.0	0.0	0.0	0.0	0.1	0.2	0.0	0.0	0.0	0.0	0.0	0.0	0.0	0.0
CP WOR-2 Omnitrophica	0.3	0.4	0.6	0.3	0.7	0.0	0.0	0.0	0.0	0.0	0.0	0.0	0.0	0.1	0.9	0.7	0.0	0.0	0.0	0.0	0.0	0.0	0.0	0.0
CP WOR-3	0.2	0.3	0.3	0.2	0.4	0.0	0.0	0.0	0.0	0.0	0.0	0.0	0.0	0.0	0.5	0.4	0.0	0.0	0.0	0.0	0.0	0.0	0.0	0.0
CP WWE1	0.1	0.2	0.3	0.2	0.4	0.0	0.0	0.0	0.0	0.0	0.0	0.0	0.0	0.0	0.3	0.3	0.0	0.0	0.0	0.0	0.0	0.0	0.0	0.0
CP WWE3	0.0	0.0	0.1	0.1	0.1	0.0	0.0	0.0	0.0	0.0	0.0	0.0	0.0	0.0	0.0	0.1	0.0	0.0	0.0	0.0	0.0	0.0	0.0	0.0
CP Ziwabacteria	0.3	0.1	0.1	0.0	0.1	0.0	0.0	0.0	0.0	0.0	0.0	0.0	0.0	0.1	0.1	0.1	0.0	0.0	0.1	0.0	0.0	0.0	0.0	0.0
CP Zixibacteria	0.0	0.0	0.0	0.0	0.0	0.0	0.0	0.0	0.0	0.1	0.0	0.1	0.0	0.0	0.0	0.0	0.0	0.0	0.0	0.0	0.0	0.0	0.0	0.0
Cyanobacteria	10.7	19.9	18.5	21.8	16.3	25.6	14.6	33.6	35.7	0.3	22.5	0.9	29.5	21.0	13.8	12.4	27.5	9.8	8.6	28.3	9.8	20.4	14.7	16.4
Deltaproteobacteria	3.6	4.1	4.5	4.3	6.2	0.5	1.5	0.4	0.3	2.4	0.2	2.6	0.2	1.5	5.9	4.7	0.4	1.3	1.7	0.1	0.1	0.2	0.1	0.1
Diapherotrites	0.0	0.0	0.0	0.0	0.0	0.0	0.0	0.0	0.0	0.0	0.0	0.0	0.0	0.0	0.0	0.0	0.0	0.1	0.0	0.0	0.0	0.0	0.0	0.0
Euryarchaeota	0.3	0.3	0.5	0.6	0.7	0.4	0.1	0.3	0.1	0.0	0.2	0.1	0.2	0.3	0.7	0.7	0.3	0.1	0.1	0.5	1.5	0.6	0.4	0.5
Firmicutes	0.3	0.3	0.2	0.2	0.2	0.0	0.0	0.0	0.0	0.0	0.0	0.0	0.0	0.1	0.4	0.2	0.0	0.0	0.0	0.0	0.1	0.0	0.0	0.0
Gammaproteobacteria	3.0	2.9	3.1	3.0	2.5	3.6	5.3	3.5	2.6	4.7	2.9	4.1	2.6	3.2	2.5	2.8	3.4	4.4	4.3	3.7	4.4	3.9	4.3	4.6
Gemmatimonadetes	0.6	0.5	0.6	0.5	0.5	0.6	0.6	0.5	0.9	0.4	0.9	0.5	0.8	0.5	0.5	0.5	0.6	0.4	0.8	0.6	0.9	0.7	0.9	0.9
Ignavibacteria	5.9	5.0	5.3	3.7	4.3	7.9	2.9	5.1	3.7	0.5	4.7	1.0	6.4	4.8	6.1	4.3	4.3	1.6	2.5	4.6	7.9	5.2	4.2	5.4
Kirimatiellacea	0.1	0.0	0.0	0.0	0.0	0.0	0.0	0.0	0.0	0.0	0.0	0.0	0.0	0.0	0.0	0.0	0.0	0.0	0.0	0.0	0.0	0.0	0.0	0.0
Lentisphaerae	0.4	0.4	0.9	0.4	0.7	0.0	0.0	0.0	0.0	0.0	0.0	0.0	0.0	0.1	1.2	0.7	0.0	0.0	0.0	0.0	0.0	0.0	0.0	0.0
Nitrospirae	1.1	1.2	1.4	2.0	2.5	0.1	3.5	0.1	0.1	7.3	0.1	5.5	0.1	1.1	1.9	2.2	0.4	4.7	4.5	0.1	0.1	0.0	0.1	0.1
Planctomycetes	3.0	2.3	1.9	2.1	2.1	1.3	2.8	1.3	1.8	2.5	1.3	2.6	1.8	2.0	3.2	2.1	1.3	2.3	3.4	1.1	0.6	0.9	0.7	0.7
Planctomycetes (Phycisphaerae)	3.3	3.4	4.0	3.9	3.4	4.2	6.4	3.9	4.9	6.0	4.8	7.1	4.1	3.6	3.3	3.3	3.6	4.2	5.2	2.6	1.8	2.8	3.4	2.0
Sericytochromatia, Tanganyikabacteria	0.1	0.1	0.1	0.1	0.1	0.1	0.1	0.1	0.2	0.0	0.2	0.0	0.1	0.1	0.0	0.0	0.1	0.1	0.2	0.0	0.0	0.1	0.1	0.0
Thaumarchaeota	5.0	3.8	2.3	5.0	4.6	0.5	12.1	0.3	0.2	30.7	0.5	23.6	0.4	5.8	4.3	4.8	1.4	20.6	13.1	0.2	0.4	0.2	0.5	0.6
Verruomicrobia	2.6	2.9	3.2	3.1	2.7	4.3	4.4	3.6	5.6	4.1	5.3	3.9	4.4	3.5	3.9	3.6	3.7	3.5	2.6	3.3	2.7	3.5	3.7	2.8
Woesearchaeota	0.0	0.0	0.1	0.1	0.1	0.0	0.0	0.0	0.0	0.0	0.0	0.0	0.0	0.0	0.1	0.1	0.0	0.0	0.1	0.0	0.0	0.0	0.0	0.0